[backhgroundblur.jpg]
filters=radblur=1,0.500000,0.500000,-1.000000,0.742690;
moddate=0baa982abde1d401
width=480
height=800
textactive=0
[backhground1.jpg]
rotate=rotate(1)
moddate=7dab144360f4d401
width=480
height=800
textactive=0
